{"keyframes": [{"matrix": "[0.7142978299306751,0.6998418465312919,5.551115123125783e-17,0,-0.14618155029846813,0.14920108689074907,0.9779417109536517,0,0.6844045327937744,-0.6985416419328849,0.20887797867904712,0,0.8006968378040711,-0.8172360891400751,0.244370001952653,1]", "fov": 50, "aspect": 1.6442516268980478, "properties": "[[\"FOV\",50],[\"NAME\",\"Camera 0\"],[\"TIME\",0]]"}, {"matrix": "[0.9488210256090217,0.315814283024445,2.7755575615628914e-17,0,-0.07665870711588757,0.23031065096548564,0.9700930092909519,0,0.30636922819624823,-0.9204446440115832,0.24273350268313842,0,0.35842672054763614,-1.0768442938641969,0.2839781718483422,1]", "fov": 50, "aspect": 1.6442516268980478, "properties": "[[\"FOV\",50],[\"NAME\",\"Camera 1\"],[\"TIME\",0.3333333333333333]]"}, {"matrix": "[0.9980138705495336,-0.0629945568342119,0,0,0.016412659100919137,0.2600234410478849,0.9654628085674012,0,-0.06081890176561699,-0.9635452744499754,0.26054090902034155,0,-0.07115309731170245,-1.1272684755371447,0.3048113680948477,1]", "fov": 50, "aspect": 1.6442516268980478, "properties": "[[\"FOV\",50],[\"NAME\",\"Camera 2\"],[\"TIME\",0.6666666666666666]]"}, {"matrix": "[0.7061423757052052,-0.7080698731293467,-1.1102230246251565e-16,0,0.16765617618452383,0.1671997850005451,0.971563502033169,0,-0.6879348456217296,-0.6860621594741709,0.23677914079801154,0,-0.8048270125506677,-0.8026361242606258,0.27701205969665793,1]", "fov": 50, "aspect": 1.6442516268980478, "properties": "[[\"FOV\",50],[\"NAME\",\"Camera 3\"],[\"TIME\",1]]"}], "camera_type": "perspective", "render_height": 1080, "render_width": 1920, "camera_path": [{"camera_to_world": [0.7142978299306753, -0.1461815502984682, 0.6844045327937746, 0.8006968378040711, 0.6998418465312919, 0.14920108689074915, -0.698541641932885, -0.8172360891400751, 5.5511151231257815e-17, 0.9779417109536517, 0.20887797867904712, 0.244370001952653, 0, 0, 0, 1], "fov": 50, "aspect": 1.6442516268980478}, {"camera_to_world": [0.7238865545238753, -0.14493706193139153, 0.6745231680663374, 0.7868698938431566, 0.6899188693499896, 0.152722105987071, -0.7075930412728109, -0.8254477942790763, -0.00045814231898302904, 0.977583350114746, 0.21054829299722597, 0.24561663824613283, 0, 0, 0, 1], "fov": 50, "aspect": 1.6442516268980478}, {"camera_to_world": [0.7334721070035777, -0.14359236295339226, 0.6643793355826123, 0.7730317188433471, 0.6797189819106173, 0.15621259459875778, -0.7166447731750494, -0.8338446293212907, -0.0008797034307555104, 0.97723019733847, 0.21218003565766622, 0.2468798905746416, 0, 0, 0, 1], "fov": 50, "aspect": 1.6442516268980478}, {"camera_to_world": [0.7430326772912116, -0.1421500682331456, 0.6539845553059844, 0.7591834746362522, 0.6692539452685136, 0.15966546424117045, -0.7256763026799076, -0.84240744289742, -0.001263811688359734, 0.976882949810244, 0.21377115135128213, 0.24815804003800382, 0, 0, 0, 1], "fov": 50, "aspect": 1.6442516268980478}, {"camera_to_world": [0.7525471200440458, -0.14061328773183843, 0.6433511758181962, 0.745326323053482, 0.6585364383531578, 0.16307399530865171, -0.7346677013556616, -0.8511170836381667, -0.0016098057491800983, 0.9765422547782135, 0.21531983921165473, 0.2494493677360441, 0, 0, 0, 1], "fov": 50, "aspect": 1.6442516268980478}, {"camera_to_world": [0.7619950761600292, -0.13898558585216655, 0.632492301007057, 0.7314614259266459, 0.6475799781337966, 0.16643189551378706, -0.7435997552957634, -0.8599544001742326, -0.0019172449251719102, 0.9762087026251189, 0.21682456754454507, 0.2507521547685871, 0, 0, 0, 1], "fov": 50, "aspect": 1.6442516268980478}, {"camera_to_world": [0.7713570850070665, -0.13727093414838829, 0.6214217070938463, 0.7175899450873542, 0.6363988287032636, 0.1697333525860483, -0.7524540649401892, -0.8689002411363199, -0.002185917316692043, 0.9758828206592884, 0.21828408578628802, 0.2520646822354573, 0, 0, 0, 1], "fov": 50, "aspect": 1.6442516268980478}, {"camera_to_world": [0.7806146857863954, -0.1354736582933537, 0.6101537513145543, 0.7037130423672165, 0.6250079007695084, 0.17297308035987882, -0.7612131353612516, -0.8779354551551309, -0.0024158456696713325, 0.9755650677322504, 0.2196974335541264, 0.25338523123647944, 0, 0, 0, 1], "fov": 50, "aspect": 1.6442516268980478}, {"camera_to_world": [0.7897505066789581, -0.13359838032815735, 0.5987032737291673, 0.6898318795978429, 0.6134226432357192, 0.17614635754625185, -0.7698604558547554, -0.8870408908613674, -0.002607290937517201, 0.9752558297682107, 0.22106394671471447, 0.254712082871478, 0, 0, 0, 1], "fov": 50, "aspect": 1.6442516268980478}, {"camera_to_world": [0.7987483406968101, -0.13164995731574605, 0.5870854937509995, 0.6759476186108428, 0.6016589286911761, 0.17924905866561597, -0.7783805679060063, -0.8961973968857316, -0.0027607535708731317, 0.9749554162659196, 0.2223832604614567, 0.2560435182402777, 0, 0, 0, 1], "fov": 50, "aspect": 1.6442516268980478}, {"camera_to_world": [0.8075932074582686, -0.12963341757846344, 0.5753159030603915, 0.6620614212378264, 0.5897329347220925, 0.18227767681648693, -0.786759120848594, -0.9053858218589258, -0.0028769725987967953, 0.9746640578072591, 0.22365530945487008, 0.257377818442703, 0, 0, 0, 1], "fov": 50, "aspect": 1.6442516268980478}, {"camera_to_world": [0.8162714004147107, -0.1275538957199461, 0.5634101565925773, 0.6481744493104036, 0.5776610229829677, 0.18522933815493203, -0.7949829147931149, -0.9145870144116517, -0.002956922602749935, 0.9743819045802067, 0.22488032514066317, 0.2587132645785787, 0, 0, 0, 1], "fov": 50, "aspect": 1.6442516268980478}, {"camera_to_world": [0.8247705193674635, -0.1254165676146095, 0.5513839632688774, 0.6342878646601839, 0.5654596179452075, 0.18810180815804653, -0.8030399306640571, -0.9237818231746119, -0.0030018087188656978, 0.9741090258977398, 0.2260588304158274, 0.26004813774772906, 0, 0, 0, 1], "fov": 50, "aspect": 1.6442516268980478}, {"camera_to_world": [0.833079488414367, -0.12322658649547757, 0.5392529780760874, 0.6204028291187774, 0.5531450871640254, 0.1908934899319626, -0.8109193474371532, -0.932951096778508, -0.0030130598333278358, 0.9738454106696134, 0.22719163186211883, 0.261380719049979, 0, 0, 0, 1], "fov": 50, "aspect": 1.6442516268980478}, {"camera_to_world": [0.841188559747582, -0.12098902118709196, 0.5270326969951468, 0.6065205045177939, 0.5407336247819725, 0.19360341499552416, -0.8186115469086787, -0.9420756838540424, -0.0029923201596295107, 0.9735909687616563, 0.22827980980761747, 0.262709289585153, 0, 0, 0, 1], "fov": 50, "aspect": 1.6442516268980478}, {"camera_to_world": [0.8490893039786944, -0.11870879741964038, 0.5147383561423797, 0.5926420526888432, 0.5282411398246127, 0.19623122711923852, -0.8261081065454279, -0.9511364330319172, -0.0029414394045349096, 0.9733455331579124, 0.22932470650971917, 0.26403213045307566, 0, 0, 0, 1], "fov": 50, "aspect": 1.6442516268980478}, {"camera_to_world": [0.8567745878874636, -0.11639064302904736, 0.5023848363212726, 0.5787686354635351, 0.5156831506487732, 0.198777159921549, -0.8334017811538907, -0.9601141929428344, -0.0028624617415400904, 0.9731088628251249, 0.23032791277648137, 0.26534752275357154, 0, 0, 0, 1], "fov": 50, "aspect": 1.6442516268980478}, {"camera_to_world": [0.8642385406719396, -0.11403903770181872, 0.48998657399696094, 0.5649014146734794, 0.5030746866850634, 0.20124200901839656, -0.8404864742653299, -0.9689898122174961, -0.002757613816577006, 0.9728806461669812, 0.231291253357657, 0.2666537475864654, 0, 0, 0, 1], "fov": 50, "aspect": 1.6442516268980478}, {"camera_to_world": [0.8714765099173305, -0.11165816776924978, 0.47755747950662797, 0.5510415521502862, 0.49043019838283897, 0.20362709958643035, -0.8473572002574754, -0.9777441394866045, -0.0026292920109098343, 0.9726605049473491, 0.23221677144230846, 0.2679490860515816, 0, 0, 0, 1], "fov": 50, "aspect": 1.6442516268980478}, {"camera_to_world": [0.8784850085980425, -0.1092518863992737, 0.46511086311405103, 0.5371902097255651, 0.4777634760261155, 0.20593425023544415, -0.8540100383223892, -0.9863580233808616, -0.0024800491811153434, 0.9724479985573344, 0.23310671259724286, 0.26923181924874484, 0, 0, 0, 1], "fov": 50, "aspect": 1.6442516268980478}, {"camera_to_world": [0.8852616544826231, -0.10682367938129743, 0.4526593693122132, 0.5233485492309258, 0.46508757785110527, 0.20816573409320413, -0.8604420794440667, -0.9948123125309697, -0.0023125810863338227, 0.9722426285001493, 0.23396350847053038, 0.2705002282777798, 0, 0, 0, 1], "fov": 50, "aspect": 1.6442516268980478}, {"camera_to_world": [0.8918051033272288, -0.10437663655462981, 0.4402149195802586, 0.5095177324979786, 0.45241476766715855, 0.21032423798834746, -0.8666513675701966, -1.0030878555676306, -0.002129712699372261, 0.9720438429701428, 0.23478976056816114, 0.271752594238511, 0, 0, 0, 1], "fov": 50, "aspect": 1.6442516268980478}, {"camera_to_world": [0.8981149772233643, -0.10191342879845015, 0.4277886636151303, 0.49569892135833304, 0.43975646196885687, 0.2124128205777561, -0.8726368361528382, -1.0111655011215468, -0.0019343845815116417, 0.97185104140745, 0.23558822439066346, 0.27298719823076306, 0, 0, 0, 1], "fov": 50, "aspect": 1.6442516268980478}, {"camera_to_world": [0.9041917894144111, -0.09943629038359787, 0.4153909388880721, 0.481893277643599, 0.4271231863325007, 0.2144348702075381, -0.8783982411960125, -1.0190260978234198, -0.001729639481842793, 0.9716635789170165, 0.236361794191527, 0.27420232135436057, 0, 0, 0, 1], "fov": 50, "aspect": 1.6442516268980478}, {"camera_to_world": [0.9100368668179817, -0.09694700638569873, 0.4030312382247341, 0.46810196318538644, 0.41452454071852096, 0.21639406322549568, -0.8839360918883556, -1.026650494303952, -0.0015186093014029202, 0.9714807704497356, 0.23711348859180958, 0.27539624470912816, 0, 0, 0, 1], "fov": 50, "aspect": 1.6442516268980478}, {"camera_to_world": [0.9156522713926978, -0.09444690477624891, 0.39071818497681904, 0.454326139815305, 0.4019691731545021, 0.21829432338178564, -0.8892515798202296, -1.0340195391938458, -0.0013045025410639434, 0.9713018946534977, 0.2378464372565749, 0.27656724939489025, 0, 0, 0, 1], "fov": 50, "aspect": 1.6442516268980478}, {"camera_to_world": [0.921040721373916, -0.09193685274335651, 0.37845951524392024, 0.4405669693649647, 0.38946476115225764, 0.22013978286723868, -0.8943465076913868, -1.041114081123803, -0.0010905923306788192, 0.97112619731259, 0.23856386880992034, 0.27771361651147175, 0, 0, 0, 1], "fov": 50, "aspect": 1.6442516268980478}, {"camera_to_world": [0.9262055132782906, -0.0894172567462522, 0.3662620665164129, 0.42682561366597516, 0.3770180001165094, 0.22193474544905611, -0.899223218311566, -1.047914968724526, -0.0008802051160088783, 0.9709528943045781, 0.2392691001373062, 0.2788336271586971, 0, 0, 0, 1], "fov": 50, "aspect": 1.6442516268980478}, {"camera_to_world": [0.9311504454465029, -0.08688806577619922, 0.3541317720431907, 0.41310323454994646, 0.36463459793096203, 0.2236836520744601, -0.9038845245861652, -1.0544030506267164, -0.0006767100598897846, 0.9707811740141559, 0.2399655271975375, 0.2799255624363909, 0, 0, 0, 1], "fov": 50, "aspect": 1.6442516268980478}, {"camera_to_world": [0.9358797437611167, -0.08434877727934943, 0.34207366018023866, 0.3994009938484884, 0.3523192748580252, 0.2253910492269298, -0.9083336410658251, -1.0605591754610768, -0.0004835091953184073, 0.9706101991530185, 0.24065661744276978, 0.2809877034443776, 0, 0, 0, 1], "fov": 50, "aspect": 1.6442516268980478}, {"camera_to_world": [0.9403979900457781, -0.08179844519240809, 0.33009185794558094, 0.38572005339321064, 0.34007576785860943, 0.2270615602390053, -0.9125741175253689, -1.0663641918583089, -0.00030402835090664887, 0.9704391079433747, 0.2413459039238675, 0.282018331282482, 0, 0, 0, 1], "fov": 50, "aspect": 1.6442516268980478}, {"camera_to_world": [0.9447100535256361, -0.0792356895474791, 0.3181895979907663, 0.37206157501572323, 0.3279068384254753, 0.22869985969181197, -0.9166097749264704, -1.0717989484491148, -0.00014170885362380092, 0.9702670146299323, 0.24203698114073346, 0.2830157270505287, 0, 0, 0, 1], "fov": 50, "aspect": 1.6442516268980478}, {"camera_to_world": [0.9488210256090218, -0.07665870711588757, 0.30636922819624823, 0.35842672054763614, 0.31581428302444503, 0.23031065096548567, -0.9204446440115832, -1.0768442938641969, -1.3877787807814457e-17, 0.9700930092909519, 0.24273350268313848, 0.2839781718483422, 0, 0, 0, 1], "fov": 50, "aspect": 1.6442516268980478}, {"camera_to_world": [0.9527151554287796, -0.07406602267024058, 0.2946999438447995, 0.3449601078816546, 0.30386480653981907, 0.23187198964887756, -0.9240679410967514, -1.0816648706882297, 0.00010937474540838324, 0.9699224735524392, 0.24341401630777726, 0.2849275240095008, 0, 0, 0, 1], "fov": 50, "aspect": 1.6442516268980478}, {"camera_to_world": [0.9563821221200357, -0.07146000882073601, 0.2832431881414228, 0.33178624537092305, 0.2921184765706143, 0.23336159157652625, -0.9274746159453282, -1.0864279650308601, 0.00017926304857000808, 0.9697607100291344, 0.2440576430857033, 0.28588496544196373, 0, 0, 0, 1], "fov": 50, "aspect": 1.6442516268980478}, {"camera_to_world": [0.9598350152323305, -0.06884378459346333, 0.2719876410001027, 0.31887613053770925, 0.2805649624257943, 0.23478375098087864, -0.9306771148654948, -1.0911183908102495, 0.00021305624742130885, 0.9696066850007776, 0.24466881903674986, 0.2868477626071264, 0, 0, 0, 1], "fov": 50, "aspect": 1.6442516268980478}, {"camera_to_world": [0.9630864761911764, -0.06621977992031051, 0.2609202562565203, 0.306200760904281, 0.2691921126759087, 0.23614282600840444, -0.9336874060400757, -1.0957209619445594, 0.00021412786708763226, 0.9694593887688491, 0.2452518046359424, 0.2878131819663847, 0, 0, 0, 1], "fov": 50, "aspect": 1.6442516268980478}, {"camera_to_world": [0.966148610953127, -0.063589773780016, 0.25002640305365736, 0.293731133992906, 0.25798609849877735, 0.2374431746000682, -0.9365169041812434, -1.1002204923519503, 0.00018583520314959667, 0.9693178423543272, 0.24581067096208276, 0.2887784899811342, 0, 0, 0, 1], "fov": 50, "aspect": 1.6442516268980478}, {"camera_to_world": [0.9690329162556149, -0.06095493298999136, 0.2392899984481681, 0.281438247325852, 0.24693154904827375, 0.2386890986164923, -0.9391764074369983, -1.1046017959505836, 0.00013152094356796984, 0.969181102965711, 0.24634928933611588, 0.28974095311277065, 0, 0, 0, 1], "fov": 50, "aspect": 1.6442516268980478}, {"camera_to_world": [0.9717502175296752, -0.05831585036134661, 0.22869362983621166, 0.2692930984253868, 0.2360116771669965, 0.23988479551149078, -0.9416760446795022, -1.1088496866586208, 5.451468235439377e-05, 0.9690482683948428, 0.24687132386955382, 0.2906978378226896, 0, 0, 0, 1], "fov": 50, "aspect": 1.6442516268980478}, {"camera_to_world": [0.974310616498205, -0.055672581152220506, 0.2182186662197737, 0.2572666848137781, 0.2252083942177579, 0.24103431675202677, -0.9440252312950871, -1.1129489783942228, -4.186581580226805e-05, 0.9689184805006732, 0.2473802263551402, 0.2916464105722868, 0, 0, 0, 1], "fov": 50, "aspect": 1.6442516268980478}, {"camera_to_world": [0.9767234464852824, -0.053024676962742066, 0.2078453577035309, 0.24533000401329377, 0.21450241321062904, 0.2421415321149787, -0.946232631624923, -1.1168844850755506, -0.0001543137338019113, 0.9687909279395671, 0.24787923295279088, 0.29258393782295794, 0, 0, 0, 1], "fov": 50, "aspect": 1.6442516268980478}, {"camera_to_world": [0.9789972334995868, -0.0503712164048532, 0.19755292292965757, 0.23345405354620147, 0.20387333975179933, 0.24321009895322077, -0.9483061262617741, -1.1206410206207655, -0.0002795328302401465, 0.9686648482963857, 0.2483713621501819, 0.2935076860360987, 0, 0, 0, 1], "fov": 50, "aspect": 1.6442516268980478}, {"camera_to_world": [0.9811396612151906, -0.04771083204998314, 0.18731962442744576, 0.22160983093476896, 0.19329975064047655, 0.24424343550776284, -0.9502527824814274, -1.124203398948029, -0.00041423769818266915, 0.9685395297645129, 0.24885941350623209, 0.2944149216731047, 0, 0, 0, 1], "fov": 50, "aspect": 1.6442516268980478}, {"camera_to_world": [0.9831575380456965, -0.045041733307005935, 0.17712283208165294, 0.20976833370126402, 0.18275926019522357, 0.24524469734211687, -0.9520788261685416, -1.1275564339755015, -0.0005551547707128568, 0.9684143125162258, 0.2493459667147365, 0.29530291119537166, 0, 0, 0, 1], "fov": 50, "aspect": 1.6442516268980478}, {"camera_to_world": [0.9850567645845582, -0.04236172501315431, 0.16693907511458336, 0.19790055936795442, 0.17222857460766847, 0.24621675598360723, -0.9537896136787818, -1.130684939621345, -0.0006990241865532168, 0.9682885898980834, 0.24983338055265536, 0.2961689210642952, 0, 0, 0, 1], "fov": 50, "aspect": 1.6442516268980478}, {"camera_to_world": [0.9868422997588163, -0.039668221633704655, 0.15674408313920532, 0.18597750545710784, 0.16168353480655076, 0.24716217886885528, -0.9553896021567635, -1.1335737298037203, -0.0008426026285955834, 0.9681618095799995, 0.25032379130156807, 0.29701021774127107, 0, 0, 0, 1], "fov": 50, "aspect": 1.6442516268980478}, {"camera_to_world": [0.9885181241104313, -0.036958257065139194, 0.1465128169816603, 0.17397016949099217, 0.15109914847632133, 0.2480832097028918, -0.9568823168986048, -1.1362076184407883, -0.0009826672503980144, 0.9680334747818478, 0.25081911025050885, 0.2978240676876949, 0, 0, 0, 1], "fov": 50, "aspect": 1.6442516268980478}, {"camera_to_world": [0.9900871986754234, -0.034228490124536874, 0.1362194900990571, 0.161849548991875, 0.14044961202012007, 0.24898174834987263, -0.958270314406138, -1.1385714194507108, -0.0011160208109040612, 0.9679031456981816, 0.2513210199030604, 0.29860773736496243, 0, 0, 0, 1], "fov": 50, "aspect": 1.6442516268980478}, {"camera_to_world": [0.9915514179740372, -0.031475205888995716, 0.12583758154033972, 0.14958664148202422, 0.12970832339530974, 0.2498593293755572, -0.959555139825729, -1.1406499467516484, -0.0012394981460523843, 0.9677704412401952, 0.25183096852075953, 0.29935849323446917, 0, 0, 0, 1], "fov": 50, "aspect": 1.6442516268980478}, {"camera_to_world": [0.9929115556542775, -0.02869431312717139, 0.11533984152218406, 0.13715244448370756, 0.1188478868894354, 0.25071709835567885, -0.960737277497873, -1.1424280142617624, -0.0013499741177757096, 0.9676350412145421, 0.25235016263837173, 0.30007360175761094, 0, 0, 0, 1], "fov": 50, "aspect": 1.6442516268980478}, {"camera_to_world": [0.9941672013468628, -0.025881338145117425, 0.1046982908263768, 0.1245179555191927, 0.10784011105435808, 0.2515557850488822, -0.9618160933651632, -1.1438904358992144, -0.0014443731963057795, 0.9674966890611352, 0.2528795571844651, 0.3007503293957834, 0, 0, 0, 1], "fov": 50, "aspect": 1.6442516268980478}, {"camera_to_world": [0.9953166872935187, -0.023031415455496577, 0.09388421537815687, 0.11165417211074749, 0.09665600118547943, 0.25237567250753895, -0.9627897679977702, -1.145022025582165, -0.001519680850847166, 0.9673551952765249, 0.2534198428332474, 0.3013859426103822, 0, 0, 0, 1], "fov": 50, "aspect": 1.6442516268980478}, {"camera_to_world": [0.9963570033056524, -0.02013927577830352, 0.08286815754501835, 0.0985320917806396, 0.08526574793095125, 0.25317656116472037, -0.9636552190003344, -1.1458075972287758, -0.0015729569466548105, 0.967210441655761, 0.2539714302013357, 0.301977707862803, 0, 0, 0, 1], "fov": 50, "aspect": 1.6442516268980478}, {"camera_to_world": [0.9972836986013189, -0.017199231998396684, 0.07161990591126882, 0.08512271205113686, 0.07363871385251507, 0.2539577268919886, -0.9644080115666821, -1.1462319647572075, -0.0016013513733961274, 0.9670623864935083, 0.25453443048683894, 0.30252289161444146, 0, 0, 0, 1], "fov": 50, "aspect": 1.6442516268980478}, {"camera_to_world": [0.9980907690614343, -0.01420516384687074, 0.06010848554437353, 0.07139703044450704, 0.06174342004568491, 0.2547178719725649, -0.9650422559550593, -1.1462799420856216, -0.001602122160361116, 0.9669110708942429, 0.2551086321290044, 0.30301876032669334, 0, 0, 0, 1], "fov": 50, "aspect": 1.6442516268980478}, {"camera_to_world": [0.998770528449989, -0.011150502246746524, 0.0483021510843487, 0.05732604448301777, 0.049547535273479916, 0.25545506788121114, -0.9655504906746872, -1.1459363431321792, -0.0015726563684455054, 0.9667566263509402, 0.2556934730463327, 0.30346258046095426, 0, 0, 0, 1], "fov": 50, "aspect": 1.6442516268980478}, {"camera_to_world": [0.9993134621690329, -0.00802821447643636, 0.0361683853670742, 0.04288075168893696, 0.03701787048650146, 0.25616668871079756, -0.9659235502148137, -1.1451859818150412, -0.001510494086534094, 0.9665992837609936, 0.2562880079916906, 0.30385161847861986, 0, 0, 0, 1], "fov": 50, "aspect": 1.6442516268980478}, {"camera_to_world": [0.999708062182263, -0.004830791565448652, 0.02367390674636404, 0.02803214958453229, 0.024120382104835726, 0.25684933404313265, -0.9661504162234346, -1.1440136720523693, -0.001413355900355957, 0.9664393840559535, 0.25689087054749227, 0.3041831408410859, 0, 0, 0, 1], "fov": 50, "aspect": 1.6442516268980478}, {"camera_to_world": [0.9999406418603648, -0.001550239654843818, 0.010784688817683023, 0.012751235692071539, 0.010820188036024685, 0.2574987400379526, -0.9662180511715416, -1.1424042277623243, -0.0012791742441027377, 0.9662773906264597, 0.2575002292763518, 0.3044544140097479, 0, 0, 0, 1], "fov": 50, "aspect": 1.6442516268980478}, {"camera_to_world": [0.9999951297013188, 0.0018219225606886718, -0.0025340031226549265, -0.002990992466177636, -0.0029183988905373626, 0.2581096775223054, -0.9661112137415896, -1.1403424628630674, -0.00110612908762114, 0.966113903723321, 0.2581137375478631, 0.3046627044460017, 0, 0, 0, 1], "fov": 50, "aspect": 1.6442516268980478}, {"camera_to_world": [0.9998528411905842, 0.0052946577326253175, -0.016317553818235474, -0.019223537367947324, -0.017131814569483688, 0.2586758359204956, -0.9658122554826015, -1.1378131912727598, -0.0008926884526455189, 0.9659496770072069, 0.2587284765869412, 0.3048052786112429, 0, 0, 0, 1], "fov": 50, "aspect": 1.6442516268980478}, {"camera_to_world": [0.9994922285279502, 0.008877391981043195, -0.03060191209462302, -0.03597540149096984, -0.03185715789649295, 0.25918969199536007, -0.9653008987119552, -1.1348012269095626, -0.0006376542872448752, 0.9657856363991779, 0.2593408913419646, 0.3048794029668672, 0, 0, 0, 1], "fov": 50, "aspect": 1.6442516268980478}, {"camera_to_world": [0.9988886086072775, 0.012579981489369793, -0.04542347036879129, -0.05327558731297746, -0.04713206815829989, 0.2596423626045299, -0.9645539962553985, -1.1312913836916374, -0.0003402142541407468, 0.9656229013475525, 0.2599467188625322, 0.3048823439742703, 0, 0, 0, 1], "fov": 50, "aspect": 1.6442516268980478}, {"camera_to_world": [0.9980138705495336, 0.01641265910091914, -0.060818901765616974, -0.07115309731170245, -0.0629945568342119, 0.260023441047885, -0.9635452744499753, -1.1272684755371447, -3.469446951953615e-18, 0.965462808567401, 0.26054090902034155, 0.3048113680948477, 0, 0, 0, 1], "fov": 50, "aspect": 1.6442516268980478}, {"camera_to_world": [0.996836461622471, 0.020398845153890153, -0.07681767958210936, -0.08962126367564868, -0.07947913030864623, 0.2603339553286867, -0.9622418092913563, -1.1226234296501534, 0.00036962869644875304, 0.9653031227647143, 0.26113166134216237, 0.30465577198529054, 0, 0, 0, 1], "fov": 50, "aspect": 1.6442516268980478}, {"camera_to_world": [0.9953239385975858, 0.024557429577709133, -0.09341943002997329, -0.10865552317741707, -0.09659032775926812, 0.2605705921442015, -0.9606108864118589, -1.1172801889233817, 0.0007522220060439677, 0.9651424242888488, 0.26172415822750783, 0.30440964295387885, 0, 0, 0, 1], "fov": 50, "aspect": 1.6442516268980478}, {"camera_to_world": [0.9934434260566624, 0.02889104284607226, -0.1106140446239414, -0.12822803517088527, -0.11431908257908022, 0.2607145604548537, -0.9586235263778529, -1.1112730908079664, 0.0011430586504290255, 0.9649835364451038, 0.2623079636740426, 0.30407743343939253, 0, 0, 0, 1], "fov": 50, "aspect": 1.6442516268980478}, {"camera_to_world": [0.9911613579359109, 0.0334007203959251, -0.12838829546214375, -0.14831095900993083, -0.13265292747087232, 0.2607462975624916, -0.9562502649102169, -1.1046364727550444, 0.0015373249653177704, 0.9648293943410334, 0.26287235770895584, 0.30366359588061115, 0, 0, 0, 1], "fov": 50, "aspect": 1.6442516268980478}, {"camera_to_world": [0.9884437906546163, 0.0380856483843817, -0.14672544463546344, -0.16887645404843135, -0.1515755497124421, 0.2606455815172626, -0.9534614483894455, -1.0974046722157527, 0.0019301413689655697, 0.964683038216527, 0.26340635970231724, 0.30317258271631453, 0, 0, 0, 1], "fov": 50, "aspect": 1.6442516268980478}, {"camera_to_world": [0.9852567846136987, 0.04294291282645519, -0.16560487496041665, -0.1898966796402645, -0.1710663665600077, 0.2603916926554862, -0.9502275857014296, -1.0896120266412275, 0.0023165933248735643, 0.9645475999835313, 0.2638987699125876, 0.30260884638528235, 0, 0, 0, 1], "fov": 50, "aspect": 1.6442516268980478}, {"camera_to_world": [0.9815668561554312, 0.04796726048227227, -0.18500175355647036, -0.2113437951393077, -0.19110013418785018, 0.25996362740295414, -0.9465197573959476, -1.081292873482606, 0.0026917671758188368, 0.9644262824857707, 0.2643382303794654, 0.30197683932629443, 0, 0, 0, 1], "fov": 50, "aspect": 1.6442516268980478}, {"camera_to_world": [0.9773414996832988, 0.053150881470473456, -0.20488674138585053, -0.23318995989943878, -0.211646605620237, 0.25934036605051014, -0.9423100810594244, -1.072481550191024, 0.0030507910830809845, 0.9643223311402154, 0.26471330593317044, 0.3012810139781304, 0, 0, 0, 1], "fov": 50, "aspect": 1.6442516268980478}, {"camera_to_world": [0.9725497766330343, 0.05848322497961778, -0.22522576310675146, -0.2554073332745352, -0.23267025477225978, 0.2585011942533752, -0.9375722292782516, -1.0632123942176197, 0.003388881120201248, 0.9642389978452243, 0.26501258558640367, 0.30052582277957, 0, 0, 0, 1], "fov": 50, "aspect": 1.6442516268980478}, {"camera_to_world": [0.9671629644028398, 0.06395086046607226, -0.24597985229111846, -0.27796807461847456, -0.2541300847641354, 0.25742607552729335, -0.932281993635182, -1.053519743013529, 0.003701392344090727, 0.9641794973366034, 0.2652248039125487, 0.29971571816939296, 0, 0, 0, 1], "fov": 50, "aspect": 1.6442516268980478}, {"camera_to_world": [0.9611552542981282, 0.0695373971818884, -0.26710508705052544, -0.3008443432851345, -0.2759795388789871, 0.25609606906921334, -0.9264178849349998, -1.0434379340298883, 0.003983874400899534, 0.9641469565374694, 0.26533898120007327, 0.298855152586379, 0, 0, 0, 1], "fov": 50, "aspect": 1.6442516268980478}, {"camera_to_world": [0.9545044832043919, 0.07522347458480219, -0.288552630232522, -0.32400829862839253, -0.2981665316740451, 0.2544937839364197, -0.9199617564481654, -1.0330013047178348, 0.004232130927512499, 0.9641443578682148, 0.2653445802323836, 0.29794857846930795, 0, 0, 0, 1], "fov": 50, "aspect": 1.6442516268980478}, {"camera_to_world": [0.9471928793305254, 0.08098683498061418, -0.3102688864603921, -0.34743210000212643, -0.32063361564080106, 0.2526038571633295, -0.9128994336000626, -1.022244192528505, 0.004442281694801751, 0.9641744779374897, 0.2652316765156701, 0.29700044825695937, 0, 0, 0, 1], "fov": 50, "aspect": 1.6442516268980478}, {"camera_to_world": [0.9392077982969291, 0.0868024875191744, -0.3321957853114916, -0.3710879067602136, -0.3433182953189186, 0.2504134400346905, -0.9052213304763118, -1.0112009349130362, 0.004610826124115634, 0.9642398234933444, 0.26499113772346644, 0.2960152143881131, 0, 0, 0, 1], "fov": 50, "aspect": 1.6442516268980478}, {"camera_to_world": [0.9305424224661646, 0.09264296936862033, -0.35427119586182426, -0.3949478782565317, -0.36615349587980306, 0.24791267377860096, -0.896923031053916, -0.9999058693225646, 0.004734706516909243, 0.9643425669369314, 0.2646148071210091, 0.2949973293015488, 0, 0, 0, 1], "fov": 50, "aspect": 1.6442516268980478}, {"camera_to_world": [0.9211963941414113, 0.09847870559042525, -0.3764294727649473, -0.4189841738449584, -0.38906818701648105, 0.24509513373533945, -0.8880058115074273, -0.988393333208227, 0.00481136909522148, 0.9644844840454876, 0.26409568486239815, 0.2939512454360463, 0, 0, 0, 1], "fov": 50, "aspect": 1.6442516268980478}, {"camera_to_world": [0.9111763524828512, 0.10427846411293187, -0.3986021281908756, -0.44316895287937125, -0.41198815576355574, 0.2419582199373999, -0.878477079561709, -0.9766976640211601, 0.004838820785214693, 0.9646668967716124, 0.2634281004115464, 0.29288141523038524, 0, 0, 0, 1], "fov": 50, "aspect": 1.6442516268980478}, {"camera_to_world": [0.9004963450365311, 0.1100098965614204, -0.4207186176465147, -0.46747437471364783, -0.434836914032971, 0.23850347229288305, -0.868350707893142, -0.9648531992125005, 0.004815679612594838, 0.9648906240412867, 0.2626078690121172, 0.29179229112334526, 0, 0, 0, 1], "fov": 50, "aspect": 1.6442516268980478}, {"camera_to_world": [0.8891780878308319, 0.11564014996829124, -0.44270722135155743, -0.49187259870166566, -0.45753671873009594, 0.23473679039268913, -0.8576472411486181, -0.9528942762333854, 0.004741216637412935, 0.9651559433332262, 0.2616324251948663, 0.2906883255537063, 0, 0, 0, 1], "fov": 50, "aspect": 1.6442516268980478}, {"camera_to_world": [0.8772510530959321, 0.12113652905566014, -0.46449599693692234, -0.5163357841973025, -0.48000967494401864, 0.2306685414160899, -0.8463939602579351, -0.9408552325349512, 0.0046153875477318316, 0.9654625654728, 0.2605009268092216, 0.28957397096024795, 0, 0, 0, 1], "fov": 50, "aspect": 1.6442516268980478}, {"camera_to_world": [0.8647523706207493, 0.12646718437845617, -0.4860137742710385, -0.540836090554436, -0.5021788865489573, 0.2263135445734893, -0.8346247932137129, -0.9287704055683347, 0.004438852356628956, 0.9658096245212971, 0.2592143240096642, 0.2884536797817499, 0, 0, 0, 1], "fov": 50, "aspect": 1.6442516268980478}, {"camera_to_world": [0.8517265371879896, 0.13160179862371912, -0.5071911596713394, -0.5653456771269435, -0.5239696142255311, 0.22169092670478896, -0.8223800680859916, -0.9166741327846727, 0.0042129820916027285, 0.9661956839148963, 0.25777538898452246, 0.2873319044569921, 0, 0, 0, 1], "fov": 50, "aspect": 1.6442516268980478}, {"camera_to_world": [0.8382249378421254, 0.1365122421587378, -0.527961514999303, -0.5898367032687027, -0.5453103988982285, 0.2168238505906388, -0.80970611129502, -0.9046007516351017, 0.003939851903300498, 0.96661875915784, 0.2561887039101014, 0.286213097424754, 0, 0, 0, 1], "fov": 50, "aspect": 1.6442516268980478}, {"camera_to_world": [0.8243051922343694, 0.14117316971796384, -0.5482618773973278, -0.6142813283335914, -0.5661341091766875, 0.211739124658925, -0.7966547015585803, -0.8925845995707585, 0.0036222206142257638, 0.9670763564685341, 0.254460606533441, 0.2851017111238155, 0, 0, 0, 1], "fov": 50, "aspect": 1.6442516268980478}, {"camera_to_world": [0.8100303481841362, 0.1455625329218262, -0.5680337877539234, -0.6386517116754868, -0.5863788746244567, 0.20646670945650272, -0.7832823968916701, -0.8806600140427802, 0.003263497333035395, 0.9675655258924774, 0.2525990947916697, 0.2840021979929561, 0, 0, 0, 1], "fov": 50, "aspect": 1.6442516268980478}, {"camera_to_world": [0.7954679521636167, 0.1496619879197023, -0.587224000235468, -0.662920012648267, -0.6059888723387464, 0.20103914191035965, -0.7696497580208551, -0.8688613325023031, 0.0028676963291882763, 0.9680829266090119, 0.25061369381160004, 0.28291901047095586, 0, 0, 0, 1], "fov": 50, "aspect": 1.6442516268980478}, {"camera_to_world": [0.7806890320402493, 0.1534571834410725, -0.605785051072071, -0.6870583906058092, -0.6249149419466927, 0.19549090253144952, -0.7558204961227243, -0.8572228924004642, 0.0024393818521120797, 0.9686249015371081, 0.24851529035133285, 0.2818566009965944, 0, 0, 0, 1], "fov": 50, "aspect": 1.6442516268980478}, {"camera_to_world": [0.7657670306865504, 0.15693792137798238, -0.6236756717614229, -0.7110390049019911, -0.6431150130613456, 0.18985775299315352, -0.7418605755824312, -0.8457790311883997, 0.0019836049529389777, 0.9691875579380644, 0.2463159411192092, 0.28081942200865123, 0, 0, 0, 1], "fov": 50, "aspect": 1.6442516268980478}, {"camera_to_world": [0.7507767298140323, 0.16009818909256043, -0.6408610393985817, -0.7348340148906903, -0.660554338742772, 0.18417607182253068, -0.7278373033419773, -0.8345640863172471, 0.0015058346014717172, 0.9697668505456891, 0.2440286623428654, 0.2798119259459063, 0, 0, 0, 1], "fov": 50, "aspect": 1.6442516268980478}, {"camera_to_world": [0.7357932016839241, 0.16293606933834326, -0.657312864368476, -0.7584155799257843, -0.6772055378121934, 0.1784822143627057, -0.7138184353970434, -0.8236123952381428, 0.00101188547673807, 0.9703586638273273, 0.2416672084148492, 0.27883856524713935, 0, 0, 0, 1], "fov": 50, "aspect": 1.6442516268980478}, {"camera_to_world": [0.7208908224933787, 0.16545353947802455, -0.6730093226092889, -0.7817558593611511, -0.6930484572802461, 0.1728119199694658, -0.6998713283010942, -0.8129582954022234, 0.0005078447508582578, 0.9709588902681002, 0.23924584741024937, 0.27790379235113, 0, 0, 0, 1], "fov": 50, "aspect": 1.6442516268980478}], "fps": 24, "seconds": 4, "smoothness_value": 0.5, "is_cycle": false, "crop": null}