[
    {
        "file_path": "data/custom/images/frame_00001.jpg",
        "transform": [
            [
                -0.7795815467834473,
                0.024479461833834648,
                -0.6258221864700317,
                -0.44665855169296265
            ],
            [
                -0.6241743564605713,
                -0.11263721436262131,
                0.773123025894165,
                0.7893602848052979
            ],
            [
                -0.05156522989273071,
                0.9933345913887024,
                0.1030893474817276,
                0.018431073054671288
            ]
        ]
    },
    {
        "file_path": "data/custom/images/frame_00002.jpg",
        "transform": [
            [
                -0.7792142629623413,
                0.023661814630031586,
                -0.6263108253479004,
                -0.45011037588119507
            ],
            [
                -0.6246260404586792,
                -0.11166179180145264,
                0.7728996872901917,
                0.7854437828063965
            ],
            [
                -0.05164676904678345,
                0.9934645295143127,
                0.1017882451415062,
                0.017374731600284576
            ]
        ]
    },
    {
        "file_path": "data/custom/images/frame_00003.jpg",
        "transform": [
            [
                -0.7694766521453857,
                0.029481979086995125,
                -0.6379940509796143,
                -0.45755064487457275
            ],
            [
                -0.6358813643455505,
                -0.12869247794151306,
                0.7609816789627075,
                0.7735341787338257
            ],
            [
                -0.05966979265213013,
                0.9912461638450623,
                0.1177729070186615,
                0.014441941864788532
            ]
        ]
    },
    {
        "file_path": "data/custom/images/frame_00004.jpg",
        "transform": [
            [
                -0.7517083287239075,
                0.05079380422830582,
                -0.6575367450714111,
                -0.45385468006134033
            ],
            [
                -0.6564475893974304,
                -0.15337589383125305,
                0.7386151552200317,
                0.7442222833633423
            ],
            [
                -0.06333321332931519,
                0.9868615865707397,
                0.14863739907741547,
                0.012279177084565163
            ]
        ]
    },
    {
        "file_path": "data/custom/images/frame_00005.jpg",
        "transform": [
            [
                -0.7403075098991394,
                0.07952161133289337,
                -0.667548656463623,
                -0.46003156900405884
            ],
            [
                -0.6710534691810608,
                -0.1470840871334076,
                0.7266729474067688,
                0.7132015228271484
            ],
            [
                -0.04039957374334335,
                0.9859222173690796,
                0.16225069761276245,
                0.010239575058221817
            ]
        ]
    },
    {
        "file_path": "data/custom/images/frame_00006.jpg",
        "transform": [
            [
                -0.6836512684822083,
                0.11846599727869034,
                -0.720129668712616,
                -0.4765849709510803
            ],
            [
                -0.7297874689102173,
                -0.11851110309362411,
                0.6733239889144897,
                0.6807811856269836
            ],
            [
                -0.005577359348535538,
                0.9858605265617371,
                0.16747528314590454,
                0.010363259352743626
            ]
        ]
    },
    {
        "file_path": "data/custom/images/frame_00007.jpg",
        "transform": [
            [
                -0.664604902267456,
                0.11603520065546036,
                -0.7381302118301392,
                -0.4841136336326599
            ],
            [
                -0.7471901178359985,
                -0.10678622871637344,
                0.655975341796875,
                0.6562970280647278
            ],
            [
                -0.002705920487642288,
                0.9874880313873291,
                0.1576709896326065,
                0.00974278524518013
            ]
        ]
    },
    {
        "file_path": "data/custom/images/frame_00008.jpg",
        "transform": [
            [
                -0.6723536252975464,
                0.09958752989768982,
                -0.7335004210472107,
                -0.4826137125492096
            ],
            [
                -0.7401928901672363,
                -0.10038059949874878,
                0.6648594737052917,
                0.6267101168632507
            ],
            [
                -0.007417503744363785,
                0.989952564239502,
                0.14120525121688843,
                0.011337186209857464
            ]
        ]
    },
    {
        "file_path": "data/custom/images/frame_00009.jpg",
        "transform": [
            [
                -0.6759602427482605,
                0.09033137559890747,
                -0.7313808798789978,
                -0.48107969760894775
            ],
            [
                -0.7368716597557068,
                -0.09617652744054794,
                0.6691563725471497,
                0.605880856513977
            ],
            [
                -0.00989585742354393,
                0.9912569522857666,
                0.13157415390014648,
                0.012588029727339745
            ]
        ]
    },
    {
        "file_path": "data/custom/images/frame_00010.jpg",
        "transform": [
            [
                -0.6713173389434814,
                0.08242956548929214,
                -0.7365720272064209,
                -0.4912261962890625
            ],
            [
                -0.7411009073257446,
                -0.08822239190340042,
                0.6655720472335815,
                0.5950926542282104
            ],
            [
                -0.010119333863258362,
                0.9926843047142029,
                0.1203138679265976,
                0.016550475731492043
            ]
        ]
    },
    {
        "file_path": "data/custom/images/frame_00012.jpg",
        "transform": [
            [
                -0.590480625629425,
                0.04834449291229248,
                -0.8056025505065918,
                -0.5392776727676392
            ],
            [
                -0.8061866164207458,
                -0.08154125511646271,
                0.5860154628753662,
                0.5606727600097656
            ],
            [
                -0.037359245121479034,
                0.9954967498779297,
                0.08712322264909744,
                0.023073682561516762
            ]
        ]
    },
    {
        "file_path": "data/custom/images/frame_00013.jpg",
        "transform": [
            [
                -0.5903923511505127,
                0.05669289827346802,
                -0.8051228523254395,
                -0.5488274097442627
            ],
            [
                -0.8059082627296448,
                -0.09596720337867737,
                0.5842107534408569,
                0.5381571054458618
            ],
            [
                -0.04414478316903114,
                0.9937686920166016,
                0.10234757512807846,
                0.019685741513967514
            ]
        ]
    },
    {
        "file_path": "data/custom/images/frame_00014.jpg",
        "transform": [
            [
                -0.5862855911254883,
                0.06875783205032349,
                -0.8071812987327576,
                -0.5422424674034119
            ],
            [
                -0.80907142162323,
                -0.09999856352806091,
                0.5791404247283936,
                0.4990503787994385
            ],
            [
                -0.040896520018577576,
                0.9926090240478516,
                0.11425772309303284,
                0.019277911633253098
            ]
        ]
    },
    {
        "file_path": "data/custom/images/frame_00015.jpg",
        "transform": [
            [
                -0.5476323962211609,
                0.0918479859828949,
                -0.8316625952720642,
                -0.5334180593490601
            ],
            [
                -0.8360838294029236,
                -0.09879171848297119,
                0.5396332144737244,
                0.4620753526687622
            ],
            [
                -0.032597191631793976,
                0.9908602833747864,
                0.13089416921138763,
                0.01787920482456684
            ]
        ]
    },
    {
        "file_path": "data/custom/images/frame_00016.jpg",
        "transform": [
            [
                -0.49616608023643494,
                0.10448338091373444,
                -0.8619179129600525,
                -0.530403196811676
            ],
            [
                -0.8679758310317993,
                -0.0835978239774704,
                0.4895194470882416,
                0.427381306886673
            ],
            [
                -0.02090780809521675,
                0.9910068511962891,
                0.13216745853424072,
                0.02064988762140274
            ]
        ]
    },
    {
        "file_path": "data/custom/images/frame_00017.jpg",
        "transform": [
            [
                -0.4705396890640259,
                0.11480570584535599,
                -0.8748782873153687,
                -0.5348923206329346
            ],
            [
                -0.8823111057281494,
                -0.07350335270166397,
                0.46489182114601135,
                0.39362433552742004
            ],
            [
                -0.010934237390756607,
                0.9906648397445679,
                0.13588061928749084,
                0.02022654004395008
            ]
        ]
    },
    {
        "file_path": "data/custom/images/frame_00018.jpg",
        "transform": [
            [
                -0.4763360321521759,
                0.12093320488929749,
                -0.8709071278572083,
                -0.5368239879608154
            ],
            [
                -0.8791237473487854,
                -0.08315394818782806,
                0.46928343176841736,
                0.36172428727149963
            ],
            [
                -0.01566740870475769,
                0.9891716837882996,
                0.14592449367046356,
                0.016804369166493416
            ]
        ]
    },
    {
        "file_path": "data/custom/images/frame_00019.jpg",
        "transform": [
            [
                -0.4875684976577759,
                0.1274758130311966,
                -0.8637285232543945,
                -0.5324358344078064
            ],
            [
                -0.8730176687240601,
                -0.08344283699989319,
                0.4804970324039459,
                0.33924198150634766
            ],
            [
                -0.01082020252943039,
                0.9883254766464233,
                0.15197274088859558,
                0.015377678908407688
            ]
        ]
    },
    {
        "file_path": "data/custom/images/frame_00020.jpg",
        "transform": [
            [
                -0.4410533607006073,
                0.08196379989385605,
                -0.8937303423881531,
                -0.5381513833999634
            ],
            [
                -0.8974794745445251,
                -0.0420294851064682,
                0.43904909491539,
                0.3231086730957031
            ],
            [
                -0.0015768855810165405,
                0.9957486987113953,
                0.09209808707237244,
                0.009463058784604073
            ]
        ]
    },
    {
        "file_path": "data/custom/images/frame_00022.jpg",
        "transform": [
            [
                -0.37380722165107727,
                0.033725008368492126,
                -0.9268930554389954,
                -0.5895094275474548
            ],
            [
                -0.9275057911872864,
                -0.012480854988098145,
                0.37360021471977234,
                0.30001676082611084
            ],
            [
                0.0010312572121620178,
                0.9993532299995422,
                0.03594557195901871,
                0.005475750658661127
            ]
        ]
    },
    {
        "file_path": "data/custom/images/frame_00023.jpg",
        "transform": [
            [
                -0.360012412071228,
                0.042936623096466064,
                -0.9319589734077454,
                -0.598362386226654
            ],
            [
                -0.9329248070716858,
                -0.009599804878234863,
                0.3599432408809662,
                0.2717306613922119
            ],
            [
                0.0065081194043159485,
                0.999031662940979,
                0.04351269453763962,
                -0.0007655525696463883
            ]
        ]
    },
    {
        "file_path": "data/custom/images/frame_00024.jpg",
        "transform": [
            [
                -0.28786587715148926,
                0.03620696812868118,
                -0.9569860696792603,
                -0.6057778000831604
            ],
            [
                -0.9575308561325073,
                0.006197504699230194,
                0.2882642447948456,
                0.2321624457836151
            ],
            [
                0.016368109732866287,
                0.9993250966072083,
                0.03288522735238075,
                0.0032098975498229265
            ]
        ]
    },
    {
        "file_path": "data/custom/images/frame_00025.jpg",
        "transform": [
            [
                -0.19075751304626465,
                0.042258914560079575,
                -0.9807271361351013,
                -0.6239341497421265
            ],
            [
                -0.9811608195304871,
                0.022912945598363876,
                0.1918291449546814,
                0.19065424799919128
            ],
            [
                0.03057783842086792,
                0.9988439083099365,
                0.037091970443725586,
                -0.00021794105123262852
            ]
        ]
    },
    {
        "file_path": "data/custom/images/frame_00026.jpg",
        "transform": [
            [
                -0.1094532459974289,
                0.07822903245687485,
                -0.9909088015556335,
                -0.6484003663063049
            ],
            [
                -0.9929802417755127,
                0.0363602489233017,
                0.11255258321762085,
                0.14662671089172363
            ],
            [
                0.04483456537127495,
                0.9962721467018127,
                0.07370012998580933,
                -0.0038665332831442356
            ]
        ]
    },
    {
        "file_path": "data/custom/images/frame_00027.jpg",
        "transform": [
            [
                -0.03503208979964256,
                0.08034481108188629,
                -0.9961512684822083,
                -0.648165225982666
            ],
            [
                -0.9978843927383423,
                0.05181194841861725,
                0.039271943271160126,
                0.10525493323802948
            ],
            [
                0.05476783215999603,
                0.9954196214675903,
                0.07835975289344788,
                -0.008817714639008045
            ]
        ]
    },
    {
        "file_path": "data/custom/images/frame_00028.jpg",
        "transform": [
            [
                0.06238720193505287,
                0.060795728117227554,
                -0.9961985349655151,
                -0.649844229221344
            ],
            [
                -0.9962915182113647,
                0.06305357068777084,
                -0.058545008301734924,
                0.059360161423683167
            ],
            [
                0.05925459414720535,
                0.9961566925048828,
                0.0645039975643158,
                -0.007210849318653345
            ]
        ]
    },
    {
        "file_path": "data/custom/images/frame_00029.jpg",
        "transform": [
            [
                0.14551259577274323,
                0.04437730461359024,
                -0.9883606433868408,
                -0.6648486852645874
            ],
            [
                -0.9870631098747253,
                0.07449132204055786,
                -0.14197692275047302,
                0.01566484570503235
            ],
            [
                0.06732373684644699,
                0.9962337613105774,
                0.05464262515306473,
                -0.009221069514751434
            ]
        ]
    },
    {
        "file_path": "data/custom/images/frame_00030.jpg",
        "transform": [
            [
                0.18659108877182007,
                0.028351102024316788,
                -0.9820285439491272,
                -0.6795017123222351
            ],
            [
                -0.979102611541748,
                0.08765922486782074,
                -0.18350444734096527,
                -0.028018977493047714
            ],
            [
                0.08088130503892899,
                0.9957469701766968,
                0.04411506652832031,
                -0.010071502067148685
            ]
        ]
    },
    {
        "file_path": "data/custom/images/frame_00032.jpg",
        "transform": [
            [
                0.2982616424560547,
                -0.00663798488676548,
                -0.9544610977172852,
                -0.6626484990119934
            ],
            [
                -0.9530439972877502,
                0.05284060165286064,
                -0.2981863021850586,
                -0.11133522540330887
            ],
            [
                0.05241364985704422,
                0.9985809326171875,
                0.009434033185243607,
                -0.014091620221734047
            ]
        ]
    },
    {
        "file_path": "data/custom/images/frame_00033.jpg",
        "transform": [
            [
                0.3577852249145508,
                9.671598672866821e-05,
                -0.9338038563728333,
                -0.6810805797576904
            ],
            [
                -0.9332974553108215,
                0.032965973019599915,
                -0.3575878143310547,
                -0.15438969433307648
            ],
            [
                0.03074917197227478,
                0.9994564652442932,
                0.011885004118084908,
                -0.01696527935564518
            ]
        ]
    },
    {
        "file_path": "data/custom/images/frame_00034.jpg",
        "transform": [
            [
                0.38415905833244324,
                0.012499157339334488,
                -0.9231823682785034,
                -0.6894279718399048
            ],
            [
                -0.9228377342224121,
                0.035683877766132355,
                -0.38353249430656433,
                -0.19048266112804413
            ],
            [
                0.028148893266916275,
                0.9992849826812744,
                0.02524297870695591,
                -0.020225979387760162
            ]
        ]
    },
    {
        "file_path": "data/custom/images/frame_00035.jpg",
        "transform": [
            [
                0.3919319808483124,
                0.018864812329411507,
                -0.9198007583618164,
                -0.6789612770080566
            ],
            [
                -0.919612467288971,
                0.03683076798915863,
                -0.3910963237285614,
                -0.22694477438926697
            ],
            [
                0.026499014347791672,
                0.9991434216499329,
                0.03178347274661064,
                -0.02406907267868519
            ]
        ]
    },
    {
        "file_path": "data/custom/images/frame_00036.jpg",
        "transform": [
            [
                0.3969159722328186,
                0.02908467687666416,
                -0.9173940420150757,
                -0.6758114695549011
            ],
            [
                -0.9177089929580688,
                0.030397925525903702,
                -0.39608851075172424,
                -0.2579626739025116
            ],
            [
                0.01636677235364914,
                0.9991146326065063,
                0.03875669091939926,
                -0.025493795052170753
            ]
        ]
    },
    {
        "file_path": "data/custom/images/frame_00037.jpg",
        "transform": [
            [
                0.43164244294166565,
                0.05910862237215042,
                -0.9001060724258423,
                -0.6841190457344055
            ],
            [
                -0.9019157886505127,
                0.01140836626291275,
                -0.43176114559173584,
                -0.2904800474643707
            ],
            [
                -0.015252061188220978,
                0.9981863498687744,
                0.05823533982038498,
                -0.028524575755000114
            ]
        ]
    },
    {
        "file_path": "data/custom/images/frame_00038.jpg",
        "transform": [
            [
                0.45476168394088745,
                0.0771990567445755,
                -0.8872610330581665,
                -0.7022404670715332
            ],
            [
                -0.8902677893638611,
                0.011660434305667877,
                -0.45528823137283325,
                -0.3300166428089142
            ],
            [
                -0.02480197697877884,
                0.9969475269317627,
                0.0740305632352829,
                -0.03253849595785141
            ]
        ]
    },
    {
        "file_path": "data/custom/images/frame_00039.jpg",
        "transform": [
            [
                0.4876108169555664,
                0.08158890902996063,
                -0.8692404627799988,
                -0.6989203691482544
            ],
            [
                -0.8729783296585083,
                0.03185882791876793,
                -0.4867173433303833,
                -0.3595144748687744
            ],
            [
                -0.012017756700515747,
                0.9961567521095276,
                0.08676005899906158,
                -0.034268274903297424
            ]
        ]
    },
    {
        "file_path": "data/custom/images/frame_00040.jpg",
        "transform": [
            [
                0.5409255623817444,
                0.07421037554740906,
                -0.8377901315689087,
                -0.6806691884994507
            ],
            [
                -0.8410298824310303,
                0.03794015198945999,
                -0.5396566390991211,
                -0.3993789851665497
            ],
            [
                -0.008262231945991516,
                0.9965206384658813,
                0.08293594419956207,
                -0.03510076925158501
            ]
        ]
    },
    {
        "file_path": "data/custom/images/frame_00042.jpg",
        "transform": [
            [
                0.6279137134552002,
                0.0712222307920456,
                -0.775017261505127,
                -0.6654610633850098
            ],
            [
                -0.7779990434646606,
                0.030545640736818314,
                -0.6275224685668945,
                -0.47681868076324463
            ],
            [
                -0.021020159125328064,
                0.9969927072525024,
                0.07459086179733276,
                -0.03792332485318184
            ]
        ]
    },
    {
        "file_path": "data/custom/images/frame_00043.jpg",
        "transform": [
            [
                0.64922034740448,
                0.06351117789745331,
                -0.7579441666603088,
                -0.6492910385131836
            ],
            [
                -0.7605594992637634,
                0.043876342475414276,
                -0.6477840542793274,
                -0.5119783878326416
            ],
            [
                -0.007885709404945374,
                0.9970161318778992,
                0.07678943872451782,
                -0.042305588722229004
            ]
        ]
    },
    {
        "file_path": "data/custom/images/frame_00044.jpg",
        "transform": [
            [
                0.6829339861869812,
                0.0629953071475029,
                -0.7277587056159973,
                -0.6163161993026733
            ],
            [
                -0.7304381728172302,
                0.048223432153463364,
                -0.6812742948532104,
                -0.5509030818939209
            ],
            [
                -0.007822059094905853,
                0.9968481063842773,
                0.07894758880138397,
                -0.04263797029852867
            ]
        ]
    },
    {
        "file_path": "data/custom/images/frame_00045.jpg",
        "transform": [
            [
                0.7482933402061462,
                0.06265468150377274,
                -0.6604025363922119,
                -0.5910347700119019
            ],
            [
                -0.6630133986473083,
                0.038092706352472305,
                -0.7476377487182617,
                -0.592000424861908
            ],
            [
                -0.021686479449272156,
                0.997308075428009,
                0.07004541158676147,
                -0.045278411358594894
            ]
        ]
    },
    {
        "file_path": "data/custom/images/frame_00046.jpg",
        "transform": [
            [
                0.776438295841217,
                0.060200441628694534,
                -0.6273112893104553,
                -0.5723375082015991
            ],
            [
                -0.6298239231109619,
                0.04005400091409683,
                -0.7757045030593872,
                -0.6257826685905457
            ],
            [
                -0.021571427583694458,
                0.9973823428153992,
                0.06901514530181885,
                -0.04505293071269989
            ]
        ]
    },
    {
        "file_path": "data/custom/images/frame_00047.jpg",
        "transform": [
            [
                0.7868612408638,
                0.06617290526628494,
                -0.6135718822479248,
                -0.5418855547904968
            ],
            [
                -0.6166345477104187,
                0.044474195688962936,
                -0.7859923243522644,
                -0.6423091888427734
            ],
            [
                -0.024723276495933533,
                0.9968165755271912,
                0.07579951733350754,
                -0.04847871512174606
            ]
        ]
    },
    {
        "file_path": "data/custom/images/frame_00048.jpg",
        "transform": [
            [
                0.7988073825836182,
                0.08098537474870682,
                -0.5961108803749084,
                -0.49485769867897034
            ],
            [
                -0.6008085012435913,
                0.05700657516717911,
                -0.7973577380180359,
                -0.6503313779830933
            ],
            [
                -0.030592069029808044,
                0.995083749294281,
                0.09419398009777069,
                -0.046792179346084595
            ]
        ]
    },
    {
        "file_path": "data/custom/images/frame_00049.jpg",
        "transform": [
            [
                0.8106650114059448,
                0.10980848968029022,
                -0.5751212239265442,
                -0.45594796538352966
            ],
            [
                -0.5836548209190369,
                0.07341618835926056,
                -0.8086761236190796,
                -0.6672490835189819
            ],
            [
                -0.04657629132270813,
                0.9912376999855042,
                0.12360619008541107,
                -0.03137175366282463
            ]
        ]
    },
    {
        "file_path": "data/custom/images/frame_00050.jpg",
        "transform": [
            [
                0.8444525003433228,
                0.10730818659067154,
                -0.5247713923454285,
                -0.4215558171272278
            ],
            [
                -0.5343985557556152,
                0.10237856954336166,
                -0.8390094637870789,
                -0.6956772804260254
            ],
            [
                -0.03630725294351578,
                0.9889405965805054,
                0.14379918575286865,
                -0.031153017655014992
            ]
        ]
    },
    {
        "file_path": "data/custom/images/frame_00052.jpg",
        "transform": [
            [
                0.8684428334236145,
                0.06870575994253159,
                -0.49100565910339355,
                -0.35072219371795654
            ],
            [
                -0.49549922347068787,
                0.08640530705451965,
                -0.8643000721931458,
                -0.7341817021369934
            ],
            [
                -0.01695689558982849,
                0.9938881397247314,
                0.10908172279596329,
                -0.03302117809653282
            ]
        ]
    },
    {
        "file_path": "data/custom/images/frame_00053.jpg",
        "transform": [
            [
                0.8980593085289001,
                0.0581025630235672,
                -0.4360200762748718,
                -0.3216918110847473
            ],
            [
                -0.43922585248947144,
                0.0646435096859932,
                -0.8960479497909546,
                -0.7496541142463684
            ],
            [
                -0.023876801133155823,
                0.9962155222892761,
                0.0835738480091095,
                -0.03177928179502487
            ]
        ]
    },
    {
        "file_path": "data/custom/images/frame_00054.jpg",
        "transform": [
            [
                0.9186650514602661,
                0.03423748165369034,
                -0.39355096220970154,
                -0.3016464412212372
            ],
            [
                -0.39500463008880615,
                0.06678307801485062,
                -0.9162485599517822,
                -0.7767749428749084
            ],
            [
                -0.005087494850158691,
                0.9971799850463867,
                0.07487524300813675,
                -0.02927951142191887
            ]
        ]
    },
    {
        "file_path": "data/custom/images/frame_00055.jpg",
        "transform": [
            [
                0.9159407019615173,
                0.0268531646579504,
                -0.4004141688346863,
                -0.2905524969100952
            ],
            [
                -0.4013066291809082,
                0.06716308742761612,
                -0.9134780764579773,
                -0.8029683828353882
            ],
            [
                0.00236327201128006,
                0.9973806142807007,
                0.07229375094175339,
                -0.030304085463285446
            ]
        ]
    },
    {
        "file_path": "data/custom/images/frame_00056.jpg",
        "transform": [
            [
                0.9156904220581055,
                0.019431568682193756,
                -0.4014141857624054,
                -0.26461759209632874
            ],
            [
                -0.4017169773578644,
                0.07307267189025879,
                -0.9128438830375671,
                -0.8109973073005676
            ],
            [
                0.011594422161579132,
                0.9971373081207275,
                0.07471795380115509,
                -0.03293244168162346
            ]
        ]
    },
    {
        "file_path": "data/custom/images/frame_00057.jpg",
        "transform": [
            [
                0.9169929623603821,
                0.019612736999988556,
                -0.39842092990875244,
                -0.2318771779537201
            ],
            [
                -0.3986442983150482,
                0.08104836940765381,
                -0.9135173559188843,
                -0.8217986822128296
            ],
            [
                0.01437479630112648,
                0.9965171217918396,
                0.08213929086923599,
                -0.027854712679982185
            ]
        ]
    },
    {
        "file_path": "data/custom/images/frame_00058.jpg",
        "transform": [
            [
                0.9220656156539917,
                0.04138702154159546,
                -0.3848143219947815,
                -0.2128545343875885
            ],
            [
                -0.38702279329299927,
                0.09118969738483429,
                -0.9175498485565186,
                -0.8294990658760071
            ],
            [
                -0.0028835535049438477,
                0.9949731230735779,
                0.10010062158107758,
                -0.027836553752422333
            ]
        ]
    },
    {
        "file_path": "data/custom/images/frame_00059.jpg",
        "transform": [
            [
                0.9556108713150024,
                0.035222120583057404,
                -0.2925189733505249,
                -0.18890389800071716
            ],
            [
                -0.29459667205810547,
                0.09887537360191345,
                -0.9504927396774292,
                -0.844393789768219
            ],
            [
                -0.004555456340312958,
                0.9944762587547302,
                0.10486269742250443,
                -0.02893216349184513
            ]
        ]
    },
    {
        "file_path": "data/custom/images/frame_00060.jpg",
        "transform": [
            [
                0.97366863489151,
                0.01585237868130207,
                -0.22741585969924927,
                -0.16576680541038513
            ],
            [
                -0.22789251804351807,
                0.0932985469698906,
                -0.9692060351371765,
                -0.8614692687988281
            ],
            [
                0.005853351205587387,
                0.9955119490623474,
                0.09445451945066452,
                -0.028588756918907166
            ]
        ]
    },
    {
        "file_path": "data/custom/images/frame_00062.jpg",
        "transform": [
            [
                0.9796307682991028,
                -0.012495060451328754,
                -0.20041829347610474,
                -0.12292501330375671
            ],
            [
                -0.19851522147655487,
                0.09011078625917435,
                -0.9759465456008911,
                -0.8702591061592102
            ],
            [
                0.030254360288381577,
                0.9958533644676208,
                0.0857948362827301,
                -0.02761443704366684
            ]
        ]
    },
    {
        "file_path": "data/custom/images/frame_00063.jpg",
        "transform": [
            [
                0.9810490608215332,
                -0.01188487559556961,
                -0.1933945119380951,
                -0.1023307666182518
            ],
            [
                -0.19151949882507324,
                0.09184656292200089,
                -0.9771819114685059,
                -0.8633102774620056
            ],
            [
                0.029376307502388954,
                0.9957022070884705,
                0.08782979846000671,
                -0.02518266811966896
            ]
        ]
    },
    {
        "file_path": "data/custom/images/frame_00064.jpg",
        "transform": [
            [
                0.9879764914512634,
                -0.004669899120926857,
                -0.15453368425369263,
                -0.08425044268369675
            ],
            [
                -0.15350590646266937,
                0.08930232375860214,
                -0.9841041564941406,
                -0.8650524020195007
            ],
            [
                0.018395885825157166,
                0.9959936141967773,
                0.08751174062490463,
                -0.025224361568689346
            ]
        ]
    },
    {
        "file_path": "data/custom/images/frame_00065.jpg",
        "transform": [
            [
                0.9961645603179932,
                -0.015947408974170685,
                -0.08603373169898987,
                -0.061594054102897644
            ],
            [
                -0.08461171388626099,
                0.07494554668664932,
                -0.9935914278030396,
                -0.877162516117096
            ],
            [
                0.022293053567409515,
                0.9970601201057434,
                0.07330876588821411,
                -0.02312890812754631
            ]
        ]
    },
    {
        "file_path": "data/custom/images/frame_00066.jpg",
        "transform": [
            [
                0.9969217777252197,
                -0.022790677845478058,
                -0.07501628994941711,
                -0.031223315745592117
            ],
            [
                -0.07324942201375961,
                0.07039052248001099,
                -0.9948264360427856,
                -0.8964508771896362
            ],
            [
                0.02795320563018322,
                0.9972591996192932,
                0.0685044378042221,
                -0.02216799557209015
            ]
        ]
    },
    {
        "file_path": "data/custom/images/frame_00067.jpg",
        "transform": [
            [
                0.9972270727157593,
                -0.022993870079517365,
                -0.07077792286872864,
                -0.009678417816758156
            ],
            [
                -0.06896216422319412,
                0.07195760309696198,
                -0.9950208067893982,
                -0.9059799909591675
            ],
            [
                0.02797238901257515,
                0.9971426129341125,
                0.07017236202955246,
                -0.023656588047742844
            ]
        ]
    },
    {
        "file_path": "data/custom/images/frame_00068.jpg",
        "transform": [
            [
                0.9976858496665955,
                -0.026020582765340805,
                -0.06281667202711105,
                0.023837117478251457
            ],
            [
                -0.06074577942490578,
                0.07391519099473953,
                -0.9954127073287964,
                -0.898975133895874
            ],
            [
                0.030544323846697807,
                0.9969249963760376,
                0.07216349244117737,
                -0.024481914937496185
            ]
        ]
    },
    {
        "file_path": "data/custom/images/frame_00069.jpg",
        "transform": [
            [
                0.9979695081710815,
                -0.026939645409584045,
                -0.057717178016901016,
                0.05729355663061142
            ],
            [
                -0.05553395673632622,
                0.07575496286153793,
                -0.9955787658691406,
                -0.8953230381011963
            ],
            [
                0.031192904338240623,
                0.9967625141143799,
                0.07410506904125214,
                -0.019753625616431236
            ]
        ]
    },
    {
        "file_path": "data/custom/images/frame_00070.jpg",
