[
    {
        "file_path": "data/custom/images/frame_00011.jpg",
        "transform": [
            [
                -0.6240638494491577,
                0.05267269164323807,
                -0.7795960307121277,
                -0.5137879848480225
            ],
            [
                -0.7811182141304016,
                -0.0675494521856308,
                0.6207184195518494,
                0.5809293985366821
            ],
            [
                -0.01996636763215065,
                0.9963245391845703,
                0.08329875767230988,
                0.021238813176751137
            ]
        ]
    },
    {
        "file_path": "data/custom/images/frame_00021.jpg",
        "transform": [
            [
                -0.3936504125595093,
                0.033753808587789536,
                -0.9186402559280396,
                -0.5691348910331726
            ],
            [
                -0.9192593097686768,
                -0.015911228954792023,
                0.39333099126815796,
                0.3116215467453003
            ],
            [
                -0.0013402700424194336,
                0.9993035197257996,
                0.037291962653398514,
                0.008608643896877766
            ]
        ]
    },
    {
        "file_path": "data/custom/images/frame_00031.jpg",
        "transform": [
            [
                0.23370063304901123,
                0.005062408745288849,
                -0.9722954034805298,
                -0.6647477746009827
            ],
            [
                -0.9692336916923523,
                0.08067813515663147,
                -0.2325446754693985,
                -0.06924368441104889
            ],
            [
                0.07726574689149857,
                0.9967274069786072,
                0.023761192336678505,
                -0.012420421466231346
            ]
        ]
    },
    {
        "file_path": "data/custom/images/frame_00041.jpg",
        "transform": [
            [
                0.5794237852096558,
                0.07751663774251938,
                -0.8113317489624023,
                -0.6676638722419739
            ],
            [
                -0.8146942257881165,
                0.026668131351470947,
                -0.5792772173881531,
                -0.43216457962989807
            ],
            [
                -0.023266926407814026,
                0.996634304523468,
                0.07860450446605682,
                -0.03709278255701065
            ]
        ]
    },
    {
        "file_path": "data/custom/images/frame_00051.jpg",
        "transform": [
            [
                0.8647151589393616,
                0.07487698644399643,
                -0.49664974212646484,
                -0.38888823986053467
            ],
            [
                -0.5021085143089294,
                0.10439065843820572,
                -0.8584809899330139,
                -0.7239882349967957
            ],
            [
                -0.012434877455234528,
                0.9917137026786804,
                0.1278645545244217,
                -0.031549759209156036
            ]
        ]
    },
    {
        "file_path": "data/custom/images/frame_00061.jpg",
        "transform": [
            [
                0.9775128960609436,
                0.00150359608232975,
                -0.21087011694908142,
                -0.14696137607097626
            ],
            [
                -0.21018466353416443,
                0.08782196044921875,
                -0.973709225654602,
                -0.8777164816856384
            ],
            [
                0.01705496571958065,
                0.9961350560188293,
                0.08616313338279724,
                -0.029225099831819534
            ]
        ]
    },
    {
        "file_path": "data/custom/images/frame_00071.jpg",
        "transform": [
            [
                0.9975087642669678,
                -0.014792065136134624,
                0.06897518038749695,
                0.13118530809879303
            ],
            [
                0.07009950280189514,
                0.09832294285297394,
                -0.9926825165748596,
                -0.9032201170921326
            ],
            [
                0.007901984266936779,
                0.9950445890426636,
                0.09911490231752396,
                -0.018649624660611153
            ]
        ]
    },
    {
        "file_path": "data/custom/images/frame_00082.jpg",
        "transform": [
            [
                0.8672406077384949,
                -0.05941418185830116,
                0.4943314492702484,
                0.4872353971004486
            ],
            [
                0.4978562593460083,
                0.11489938199520111,
                -0.8596146106719971,
                -0.7687773704528809
            ],
            [
                -0.005725081078708172,
                0.9915987849235535,
                0.12922513484954834,
                -0.0034599187783896923
            ]
        ]
    },
    {
        "file_path": "data/custom/images/frame_00092.jpg",
        "transform": [
            [
                0.7976160049438477,
                -0.04089139401912689,
                0.6017779111862183,
                0.607792854309082
            ],
            [
                0.6021444201469421,
                0.1120152622461319,
                -0.7904901504516602,
                -0.5478006601333618
            ],
            [
                -0.035084065049886703,
                0.992864727973938,
                0.11396768689155579,
                0.020472632721066475
            ]
        ]
    },
    {
        "file_path": "data/custom/images/frame_00102.jpg",
        "transform": [
            [
                0.3498603105545044,
                -0.08863352239131927,
                0.9325995445251465,
                0.7607740163803101
            ],
            [
                0.9355584979057312,
                -0.01821579784154892,
                -0.3527016043663025,
                -0.24660173058509827
            ],
            [
                0.04824922978878021,
                0.9958977699279785,
                0.07654885947704315,
                0.03464717045426369
            ]
        ]
    },
    {
        "file_path": "data/custom/images/frame_00112.jpg",
        "transform": [
            [
                -0.22579310834407806,
                -0.13289642333984375,
                0.9650678634643555,
                0.7299487590789795
            ],
            [
                0.9739212989807129,
                -0.05341525375843048,
                0.220508873462677,
                0.2487642914056778
            ],
            [
                0.02224450558423996,
                0.9896895289421082,
                0.14149147272109985,
                0.03418600559234619
            ]
        ]
    },
    {
        "file_path": "data/custom/images/frame_00122.jpg",
        "transform": [
            [
                -0.9006273150444031,
                -0.02765960432589054,
                0.43371105194091797,
                0.5768049359321594
            ],
            [
                0.43452849984169006,
                -0.07439281046390533,
                0.8975804448127747,
                0.7078942060470581
            ],
            [
                0.007438264787197113,
                0.9968453645706177,
                0.07901908457279205,
                0.03252775967121124
            ]
        ]
    },
    {
        "file_path": "data/custom/images/frame_00132.jpg",
        "transform": [
            [
                -0.9952790141105652,
                0.030904337763786316,
                -0.09200315922498703,
                0.12803256511688232
            ],
            [
                -0.09437411278486252,
                -0.08690275996923447,
                0.9917365908622742,
                0.8025562763214111
            ],
            [
                0.022653630003333092,
                0.9957373142242432,
                0.08940907567739487,
                0.03263625502586365
            ]
        ]
    },
    {
        "file_path": "data/custom/images/frame_00142.jpg",
        "transform": [
            [
                -0.9294872879981995,
                0.04100482165813446,
                -0.3665678799152374,
                -0.12350151687860489
            ],
            [
                -0.3680911362171173,
                -0.16700635850429535,
                0.9146681427955627,
                0.9567223191261292
            ],
            [
                -0.02371336705982685,
                0.9851027727127075,
                0.17032380402088165,
                0.02202361635863781
            ]
        ]
    },
    {
        "file_path": "data/custom/images/frame_00153.jpg",
        "transform": [
            [
                -0.6040785312652588,
                0.05872372165322304,
                -0.7947583198547363,
                -0.44334837794303894
            ],
            [
                -0.7961729168891907,
                -0.08778169751167297,
                0.5986677408218384,
                0.5746008157730103
            ],
            [
                -0.03460923954844475,
                0.9944072365760803,
                0.09978127479553223,
                0.011744290590286255
            ]
        ]
    },
    {
        "file_path": "data/custom/images/frame_00163.jpg",
        "transform": [
            [
                -0.493569016456604,
                0.06579974293708801,
                -0.8672139644622803,
                -0.2605758607387543
            ],
            [
                -0.8694061040878296,
                -0.011117272078990936,
                0.49397313594818115,
                0.3199857771396637
            ],
            [
                0.022862263023853302,
                0.9977709650993347,
                0.06269383430480957,
                -0.0008456174400635064
            ]
        ]
    },
    {
        "file_path": "data/custom/images/frame_00173.jpg",
        "transform": [
            [
                0.1352810561656952,
                -0.07291226089000702,
                -0.9881209135055542,
                -0.4212135672569275
            ],
            [
                -0.9905276298522949,
                -0.033646270632743835,
                -0.1331278532743454,
                0.00399788748472929
            ],
            [
                -0.023539945483207703,
                0.9967706799507141,
                -0.07677330821752548,
                -0.002130090491846204
            ]
        ]
    },
    {
        "file_path": "data/custom/images/frame_00183.jpg",
        "transform": [
            [
                0.7814197540283203,
                -0.011198312044143677,
                -0.6239052414894104,
                -0.19152194261550903
            ],
            [
                -0.6237000823020935,
                -0.04530545324087143,
                -0.7803496718406677,
                -0.36065685749053955
            ],
            [
                -0.019527703523635864,
                0.9989104270935059,
                -0.04238695278763771,
                -0.021322710439562798
            ]
        ]
    },
    {
        "file_path": "data/custom/images/frame_00193.jpg",
        "transform": [
            [
                0.9937065243721008,
                0.03165270760655403,
                0.10744994133710861,
                0.16051268577575684
            ],
            [
                0.1077788919210434,
                -0.00887153297662735,
                -0.994135320186615,
                -0.3674190044403076
            ],
            [
                -0.03051382675766945,
                0.9994595646858215,
                -0.012227192521095276,
                -0.024712219834327698
            ]
        ]
    },
    {
        "file_path": "data/custom/images/frame_00203.jpg",
        "transform": [
            [
                0.4685418903827667,
                -0.06679382175207138,
                0.8809126615524292,
                0.41791394352912903
            ],
            [
                0.8794662952423096,
                0.12975022196769714,
                -0.4579344391822815,
                -0.16705290973186493
            ],
            [
                -0.0837114155292511,
                0.9892944097518921,
                0.11953631788492203,
                -0.02735421247780323
            ]
        ]
    },
    {
        "file_path": "data/custom/images/frame_00213.jpg",
        "transform": [
            [
                -0.6844657063484192,
                -0.08894301950931549,
                0.7235991954803467,
                0.37414029240608215
            ],
            [
                0.7272798418998718,
                -0.01427663117647171,
                0.686192512512207,
                0.29368680715560913
            ],
            [
                -0.05070146173238754,
                0.9959344267845154,
                0.07445833086967468,
                -0.013934677466750145
            ]
        ]
    },
    {
        "file_path": "data/custom/images/frame_00223.jpg",
        "transform": [
            [
                -0.8541502356529236,
                0.11039675772190094,
                0.5081732273101807,
                0.33002352714538574
            ],
            [
                0.5192158818244934,
                0.2355840504169464,
                0.8215321898460388,
                0.4070952534675598
            ],
            [
                -0.02902301773428917,
                0.9655634760856628,
                -0.2585439085960388,
                0.01644887775182724
            ]
        ]
    }
]